100

67,22 62,16 27,64 97,42 26,29 12,77 63,40 43,34 88,11 60,39 7,11 72,14 67,59 65,9 70,20 57,37 40,70 12,46 32,80 25,76 43,88 45,85 26,34 40,12 84,53 72,14 76,0 22,61 5,51 86,65 23,24 23,3 83,39 35,93 18,70 12,89 76,19 53,54 74,14 90,37 80,1 56,22 67,80 73,17 89,79 79,38 8,60 32,78 4,49 81,18 51,83 30,4 87,72 93,0 21,90 73,1 73,49 47,7 32,49 91,67 55,21 82,91 73,20 48,96 37,3 66,4 96,12 60,28 85,40 92,7 84,13 9,31 40,90 81,87 11,8 15,34 64,80 88,83 69,5 53,46 99,22 36,13 5,75 14,90 87,68 97,2 26,43 73,12 77,1 93,9 81,72 12,87 36,79 65,31 78,42 99,100 4,1 35,4 36,14 43,65 
17,96 35,92 88,39 83,40 66,99 61,61 5,90 22,15 55,82 100,2 86,71 43,44 60,2 58,94 3,60 15,47 45,84 34,53 36,80 52,79 35,31 37,5 84,40 4,16 10,16 68,39 9,30 96,9 7,41 24,72 99,49 55,83 83,79 26,66 100,1 80,63 1,12 28,43 42,85 86,85 25,88 43,29 44,70 0,95 96,34 53,31 99,18 11,40 54,62 70,34 63,92 12,33 55,95 45,0 12,46 38,100 87,2 94,68 71,17 47,52 84,91 46,27 94,26 65,60 6,17 57,75 47,15 41,43 54,53 69,9 25,21 90,46 64,50 84,48 26,1 90,58 88,98 33,14 0,51 73,8 31,63 62,36 69,48 94,91 76,50 72,35 44,28 6,94 13,13 94,72 35,100 100,80 76,0 30,42 69,9 40,23 14,34 34,5 40,83 39,65 
68,97 11,63 3,43 76,79 57,76 38,90 84,61 23,84 95,68 21,91 18,95 56,68 10,92 60,14 43,39 72,47 94,45 41,67 34,77 58,7 42,13 29,76 0,90 4,40 64,36 16,16 37,12 58,65 80,2 27,15 73,58 27,16 36,64 5,66 70,6 22,47 88,14 62,53 62,18 96,80 76,1 26,45 83,47 52,63 27,20 6,52 52,44 24,3 11,7 17,34 75,76 90,5 75,72 22,66 39,54 100,41 66,26 35,96 93,87 41,91 12,77 22,27 35,84 92,94 81,67 81,9 13,31 61,65 47,46 6,16 19,65 23,23 86,25 39,68 32,57 67,20 1,55 80,41 88,18 19,59 9,14 15,75 4,56 63,76 44,81 64,41 3,98 60,1 18,45 50,15 83,93 76,57 5,15 66,35 58,67 73,36 83,28 46,42 56,38 24,50 
30,12 97,56 15,70 37,23 60,79 24,55 55,10 40,82 57,19 4,48 67,1 76,55 55,26 30,61 73,58 90,67 19,74 13,36 73,34 94,26 27,7 51,26 66,16 63,49 42,67 43,27 92,1 95,82 91,12 69,86 97,90 4,3 38,96 66,72 89,79 84,80 13,98 14,58 0,65 53,37 34,93 83,47 37,95 0,12 23,27 17,56 30,71 90,28 33,15 64,82 98,97 86,46 14,84 40,93 57,56 99,78 85,22 72,64 60,15 79,26 60,9 53,67 65,93 82,2 88,33 26,28 24,57 20,78 42,88 81,2 76,7 85,6 91,9 7,81 28,73 69,86 17,65 67,72 67,12 82,50 23,90 46,79 97,2 75,35 87,74 95,41 72,82 96,81 30,65 15,23 36,48 62,41 100,96 37,77 53,27 94,46 18,2 92,60 25,57 87,68 
94,62 23,86 33,4 32,65 43,7 24,38 32,94 20,100 72,98 79,77 93,14 38,23 87,41 23,61 87,72 43,51 91,66 66,31 1,13 22,33 56,50 30,44 92,8 68,40 12,3 33,25 45,90 49,22 36,94 58,51 39,35 43,83 15,69 40,55 83,49 55,19 32,45 42,100 93,36 34,93 7,0 84,73 71,13 76,39 50,45 37,94 86,44 57,47 8,23 23,93 76,65 66,50 90,30 49,37 26,19 98,4 13,15 65,28 84,27 64,99 33,45 60,38 64,27 81,34 80,92 96,83 29,66 73,1 24,61 11,87 94,41 100,58 70,10 40,79 55,32 51,23 85,56 14,59 84,49 19,35 32,17 76,73 94,20 20,8 69,90 61,21 44,65 96,20 41,45 9,4 29,32 61,100 14,71 100,2 66,96 12,56 8,67 96,32 79,40 90,67 
68,38 60,96 39,65 46,91 70,13 92,76 65,73 0,99 59,48 82,92 51,98 22,66 7,18 92,92 65,68 27,80 31,49 78,72 46,50 66,47 48,100 15,52 5,60 91,70 21,33 41,71 85,78 58,42 93,68 62,48 8,72 57,40 67,56 74,85 53,17 76,81 29,20 5,68 74,14 92,14 36,70 87,91 37,48 27,55 74,94 4,6 88,42 15,66 0,27 62,26 92,65 45,50 6,37 71,25 52,39 28,100 9,99 29,72 72,91 63,21 95,7 74,72 99,98 90,38 60,84 97,29 90,53 96,60 56,35 36,85 83,14 84,34 38,66 28,54 24,56 76,54 94,82 26,28 12,96 23,8 83,99 23,27 74,39 91,15 80,17 27,66 29,22 70,99 65,57 5,33 5,96 67,50 89,52 98,97 10,81 72,34 87,49 74,48 71,88 51,61 
40,84 50,34 7,41 35,65 10,43 80,97 81,46 93,72 19,68 46,44 1,9 3,63 26,4 73,45 72,72 73,19 85,19 100,74 65,48 74,5 47,5 76,4 44,57 94,20 92,55 47,84 61,87 52,15 89,26 86,66 14,86 53,24 96,34 60,56 74,45 38,59 22,9 26,74 79,70 40,95 49,12 19,90 98,75 72,32 66,72 7,54 52,31 57,99 3,0 27,35 47,84 53,67 82,25 81,9 56,75 18,54 30,81 76,72 64,85 59,85 41,68 24,44 31,78 75,88 17,34 3,88 41,99 27,23 43,50 18,16 90,58 30,44 89,44 16,78 55,84 28,42 82,5 99,83 10,47 53,47 67,55 79,17 26,30 23,88 78,73 76,95 100,92 46,47 13,49 61,64 3,57 48,95 90,84 48,26 95,98 30,60 24,78 0,57 67,73 61,34 
79,75 75,89 53,7 21,27 78,49 94,49 50,73 28,32 19,67 46,28 66,37 54,20 78,30 71,29 53,39 36,100 69,76 33,76 53,51 57,90 57,74 66,0 17,30 42,82 53,90 55,66 79,96 28,71 60,60 53,17 24,12 60,62 60,99 93,1 93,85 99,65 41,82 20,8 99,100 46,97 37,74 48,12 84,70 14,16 60,31 96,95 0,60 2,90 73,16 89,24 34,84 32,67 7,41 89,81 95,80 60,63 10,33 68,20 77,11 18,100 47,91 36,88 90,17 59,74 33,65 78,35 55,80 47,41 50,61 45,33 5,76 55,15 41,89 59,61 10,81 8,28 13,79 48,22 35,96 53,65 55,2 71,97 82,48 80,90 56,75 83,7 63,34 18,15 83,89 30,59 2,19 38,27 75,28 3,73 16,61 10,60 31,47 97,81 94,39 64,73 
50,86 55,31 50,74 63,91 28,13 93,60 3,10 88,37 54,3 66,17 10,5 90,79 32,63 25,4 29,66 53,41 51,83 35,96 52,10 9,96 65,57 99,35 87,82 99,91 100,14 100,57 49,63 22,38 74,58 58,43 28,28 0,26 15,62 16,1 3,9 66,79 85,94 76,76 86,6 96,92 74,87 62,79 83,2 71,61 29,100 50,56 13,67 34,14 36,47 99,63 66,88 48,9 42,33 38,7 23,16 46,5 46,31 9,81 53,81 0,78 88,62 17,54 84,57 82,58 74,97 74,49 100,20 94,93 14,12 46,26 77,39 86,53 76,38 55,89 46,29 50,74 38,74 43,82 60,16 10,45 89,95 57,9 9,51 71,31 94,26 21,44 27,17 61,82 80,71 18,31 80,39 34,89 43,86 57,72 62,39 70,65 51,1 23,76 96,22 55,45 
59,74 69,72 91,92 27,42 4,7 29,71 7,77 83,52 86,61 99,14 66,69 81,50 89,10 57,37 4,67 1,22 77,71 28,35 61,28 60,36 16,23 0,72 71,58 43,17 44,96 60,67 8,99 81,2 54,12 88,4 69,22 71,39 81,37 70,57 29,49 57,75 65,34 74,17 15,9 62,94 28,90 59,36 77,73 49,96 34,99 77,9 50,76 9,50 20,54 80,7 68,55 34,54 65,53 34,99 87,83 15,70 93,48 17,62 6,100 8,33 77,99 47,76 71,93 33,79 41,69 21,54 97,12 2,11 61,15 38,90 96,26 37,28 66,58 70,9 96,55 59,23 62,89 50,57 10,23 48,3 100,18 50,9 15,13 43,30 57,94 2,33 39,4 64,80 37,25 95,80 99,71 31,70 13,68 75,38 85,92 41,0 65,75 29,79 21,64 2,9 
69,30 78,92 3,82 65,95 68,55 15,92 84,34 86,64 83,89 60,81 49,24 32,56 59,5 81,85 17,72 26,77 92,66 51,16 10,82 90,85 79,95 38,64 65,23 1,95 28,96 80,44 92,92 80,63 21,43 6,26 34,37 32,19 31,7 44,25 15,67 78,72 14,70 63,95 52,11 54,10 30,54 52,21 6,36 23,43 27,42 22,36 80,94 32,65 41,38 74,2 91,48 81,30 61,71 2,51 49,92 52,62 73,48 5,60 52,74 13,97 27,92 68,25 69,57 2,78 84,64 27,79 13,73 74,21 86,47 40,65 48,83 41,42 78,32 22,63 49,15 14,58 11,35 86,86 16,15 59,28 40,97 80,37 78,24 75,36 2,31 61,27 42,62 86,28 2,11 89,67 74,84 38,100 2,85 21,100 86,25 92,85 76,52 70,3 85,2 93,32 
6,7 38,23 35,94 93,40 97,44 0,10 11,28 46,87 71,28 41,69 78,8 19,57 24,91 14,74 60,88 40,9 50,68 88,78 74,56 44,71 32,40 50,82 26,52 21,84 88,21 1,4 87,99 11,58 90,34 93,100 39,53 23,80 91,76 60,14 93,66 92,73 89,69 56,64 21,54 86,1 97,44 78,89 38,52 61,13 82,72 7,21 63,9 82,86 80,71 28,78 46,32 75,16 20,26 0,72 38,31 89,44 59,93 5,33 43,59 3,24 49,0 83,39 4,58 89,65 7,27 69,46 50,53 1,83 82,79 100,11 26,90 8,100 30,18 14,65 86,100 8,43 54,73 89,8 21,91 49,65 78,6 96,34 77,11 5,75 16,91 37,59 25,56 47,64 97,50 60,46 86,21 91,63 56,88 45,79 97,22 33,69 34,44 33,11 42,48 95,16 
98,13 39,68 61,58 46,68 21,22 100,85 29,95 55,50 60,27 82,75 72,33 2,7 91,71 16,2 94,82 89,62 13,98 2,27 3,4 18,52 39,16 7,59 77,76 15,54 68,78 24,79 14,44 23,94 95,37 30,81 60,19 7,29 75,84 79,98 40,42 49,80 42,56 61,67 37,37 38,3 77,54 57,68 81,20 8,29 47,27 37,22 40,6 22,64 80,39 13,63 61,27 15,65 57,80 34,85 76,24 55,2 99,93 67,69 30,68 79,67 29,89 22,38 5,4 84,51 85,98 67,83 42,70 39,85 50,59 4,34 18,34 91,39 8,74 1,43 63,6 91,92 49,82 10,82 87,70 23,24 87,61 16,78 84,23 69,74 4,27 82,49 41,6 81,81 43,79 66,83 58,39 73,7 79,75 89,16 75,48 7,33 52,92 71,79 75,46 53,55 
75,25 2,23 34,88 12,5 26,62 13,15 47,0 24,60 98,89 12,11 44,24 50,5 43,46 13,21 45,4 16,14 67,34 29,80 43,42 55,56 69,95 7,96 30,71 62,11 66,73 78,25 24,5 76,47 2,28 88,32 83,44 36,47 1,90 77,51 71,12 96,24 44,13 41,52 19,11 53,7 69,32 68,26 69,38 16,29 1,25 63,72 75,72 5,60 96,91 44,100 53,28 80,39 76,75 92,12 59,1 45,14 48,47 83,76 39,43 7,30 9,56 22,97 72,61 72,43 39,44 75,94 85,82 38,93 75,75 27,82 59,6 25,4 24,43 71,70 69,12 100,27 98,98 86,36 95,58 26,63 96,100 77,45 32,31 49,23 93,64 96,29 21,46 81,16 90,80 37,19 60,34 43,65 32,33 41,17 26,0 50,79 83,94 21,94 66,69 41,81 
64,78 92,86 49,25 58,6 89,12 93,33 17,31 3,17 68,62 47,39 31,37 100,47 56,56 40,55 96,80 95,63 7,98 89,27 84,96 10,73 38,69 84,36 36,86 77,1 88,20 60,53 64,59 74,57 72,9 51,90 82,86 92,53 11,61 75,38 23,25 21,85 10,64 78,81 78,77 67,46 32,70 8,8 86,98 10,38 75,0 13,99 77,54 8,72 97,5 94,11 30,36 50,17 38,24 8,2 9,80 60,38 43,65 7,1 37,40 65,91 67,47 22,9 78,95 87,6 15,11 16,81 56,26 73,83 35,4 9,72 35,23 88,52 79,61 87,93 100,31 96,84 45,11 16,49 50,91 53,41 14,48 96,23 96,64 14,70 67,57 93,91 2,41 18,36 34,70 60,12 71,22 16,15 70,82 23,42 80,53 2,4 77,63 44,54 37,38 69,100 
33,62 73,57 42,27 76,59 32,17 81,87 63,32 36,30 84,51 1,99 8,58 8,75 82,96 59,61 73,100 41,71 88,0 0,7 47,13 79,77 37,93 9,31 87,79 45,66 59,100 58,12 44,10 34,13 56,0 51,65 25,80 98,76 47,85 70,66 95,19 40,62 39,5 34,61 30,84 93,72 56,22 99,51 97,80 86,24 17,59 5,3 84,99 57,19 5,92 4,77 93,19 100,88 24,11 94,95 30,32 44,32 41,93 20,93 47,33 42,43 19,46 83,58 92,23 37,89 3,75 19,97 63,36 45,17 55,17 59,45 98,99 56,79 34,73 97,58 48,2 60,30 40,2 23,58 77,49 10,80 73,1 10,77 7,43 88,9 32,62 17,25 36,75 14,85 99,53 23,81 36,38 86,88 70,26 63,68 52,16 50,77 61,9 81,53 28,84 84,7 
72,94 65,54 26,41 51,26 66,57 68,9 9,73 53,58 14,69 77,36 37,62 82,9 55,63 59,44 28,36 16,7 17,64 78,81 84,13 96,51 5,47 60,3 32,38 48,44 54,100 97,50 93,78 14,55 88,91 84,79 40,82 73,100 19,54 20,51 6,58 87,44 65,58 87,52 75,61 78,43 17,73 42,76 45,1 86,64 42,91 26,53 49,90 52,2 31,95 26,55 58,85 22,79 50,51 62,69 49,22 44,14 18,30 74,2 5,74 87,80 56,83 52,71 34,90 54,7 88,59 1,33 42,13 1,13 58,49 2,66 30,93 20,80 24,70 84,44 76,14 19,50 87,96 64,5 1,68 66,28 83,35 80,34 49,72 23,20 90,58 95,1 56,41 69,80 55,32 96,76 98,9 91,99 4,56 69,35 92,8 84,93 18,33 42,50 59,23 75,18 
58,1 31,68 34,72 89,74 67,12 84,63 46,72 30,82 86,98 20,98 67,71 86,46 92,38 50,10 28,30 99,51 1,72 44,34 50,86 70,58 43,46 19,60 42,83 71,76 46,68 8,35 63,67 97,61 83,61 95,83 45,57 93,78 87,45 24,26 43,33 3,76 90,87 19,38 42,54 60,28 36,38 18,26 35,84 3,64 87,59 44,79 26,62 31,46 23,16 74,92 19,62 66,90 3,12 75,19 18,12 90,47 21,64 70,78 56,11 41,27 51,23 19,83 15,37 43,88 94,79 3,88 1,90 84,36 5,11 8,12 16,50 39,44 52,22 21,3 87,37 31,7 44,32 60,63 83,61 97,1 3,79 76,40 55,26 81,56 74,52 11,76 96,55 97,55 0,78 2,61 35,65 51,94 12,7 5,76 15,46 69,66 40,51 40,58 27,32 42,29 
14,11 46,51 29,78 23,94 87,29 9,23 12,96 14,77 26,38 100,41 49,95 7,96 75,60 67,54 19,96 26,44 96,17 91,25 54,77 88,0 88,95 90,73 13,47 16,27 91,41 38,53 48,86 1,79 23,81 33,15 79,13 76,23 12,10 5,81 59,36 19,56 18,53 35,77 6,4 21,84 21,91 53,71 8,12 40,32 74,60 66,25 53,59 62,85 68,34 6,14 81,4 72,58 15,13 32,79 46,93 43,54 92,100 29,72 67,73 99,79 34,90 47,7 94,15 25,53 82,100 51,85 17,5 34,74 37,45 81,22 59,68 37,19 28,81 47,45 25,66 64,30 80,83 9,59 90,71 14,64 74,48 26,78 4,80 51,63 84,61 50,40 93,27 94,99 19,86 79,27 47,83 11,66 0,23 61,12 59,96 39,51 65,81 32,79 3,92 90,20 
40,22 85,56 85,100 82,81 63,52 29,3 27,79 10,4 99,46 75,1 75,35 42,53 37,19 48,58 61,58 84,30 96,3 33,1 29,29 5,80 16,21 82,25 16,20 45,21 11,27 35,56 64,48 18,90 51,98 44,4 81,15 59,65 7,82 35,51 69,3 17,14 83,73 21,78 35,13 94,97 29,11 46,47 50,83 68,54 71,40 48,7 27,72 28,98 16,18 83,79 2,89 89,86 74,7 65,94 98,82 33,76 72,95 63,100 58,97 42,52 43,8 19,40 99,94 52,15 67,56 94,73 42,62 28,67 66,67 75,69 54,85 95,75 22,38 13,69 0,86 3,36 40,30 34,88 13,9 93,22 28,29 77,34 60,69 72,79 76,76 43,85 83,86 82,95 44,34 11,49 50,84 49,60 6,23 2,91 55,26 76,33 13,7 33,14 35,71 66,15 
4,81 4,33 88,24 28,64 37,9 22,35 6,33 98,23 59,27 64,95 29,15 80,84 87,100 60,61 69,94 93,25 99,20 79,11 86,97 44,73 16,16 65,47 47,68 92,68 7,0 82,17 71,55 36,46 100,10 64,49 23,80 18,21 12,26 6,31 61,23 85,92 85,40 45,8 52,30 40,16 100,86 56,88 24,20 88,43 18,45 4,11 79,34 5,100 15,46 23,19 34,41 2,56 40,25 26,15 36,65 72,34 60,97 36,84 52,19 55,33 51,6 43,59 52,77 24,52 42,74 22,66 82,65 33,47 77,37 90,71 10,44 53,5 7,86 76,12 50,49 89,77 68,60 50,62 99,42 100,96 5,12 45,70 65,25 81,24 53,75 60,53 53,29 19,90 57,49 88,26 11,15 30,39 42,1 54,93 13,60 4,20 85,31 49,50 49,28 23,5 
3,11 80,42 3,86 44,23 39,37 10,91 30,92 31,18 53,50 65,39 23,42 18,0 60,21 48,11 42,90 97,45 24,55 12,15 31,56 31,44 54,84 56,96 99,66 53,96 71,68 80,66 73,4 92,52 13,80 62,68 60,67 63,72 42,81 91,22 26,24 13,8 25,26 88,89 94,94 15,71 79,42 62,35 30,9 62,78 1,21 93,81 21,4 52,85 57,38 100,67 11,86 29,43 50,23 35,43 55,28 5,79 73,1 66,43 3,84 37,63 83,65 14,29 29,52 18,6 6,74 85,97 79,71 33,62 46,23 69,44 33,58 77,64 86,80 49,72 66,45 78,66 40,30 61,16 92,69 44,84 94,54 36,37 11,72 84,75 79,64 62,83 9,74 15,31 55,95 56,53 93,26 85,23 53,17 7,54 27,38 87,22 28,48 11,16 70,8 60,63 
15,44 15,67 38,34 21,48 99,98 30,15 8,61 33,62 13,37 5,63 2,5 58,62 34,9 99,31 99,98 31,14 83,64 1,16 12,5 67,87 100,62 79,64 54,37 72,2 53,43 19,0 10,12 34,95 64,61 38,58 60,22 15,83 99,73 84,46 77,60 99,5 100,88 23,83 80,35 62,23 42,31 37,48 48,74 94,63 10,9 5,80 30,36 53,0 28,90 11,81 83,71 35,61 0,69 2,73 12,88 25,94 41,29 50,96 0,95 3,85 35,39 18,72 18,76 71,49 63,22 96,30 95,33 97,100 81,87 81,75 96,60 53,9 37,34 42,63 17,65 16,2 92,86 75,11 44,23 6,14 20,68 62,72 48,40 73,21 10,43 23,90 23,8 61,36 28,56 3,73 11,59 8,26 78,59 93,18 82,8 6,59 61,37 0,24 88,0 46,60 
91,6 38,72 13,82 20,23 63,68 6,92 69,90 42,16 64,100 63,49 86,51 42,92 28,27 77,60 98,15 89,41 39,76 39,19 78,48 16,30 34,7 68,83 37,25 9,98 61,8 0,50 40,62 1,6 35,74 3,47 91,21 38,61 52,39 9,100 27,43 66,70 66,0 11,65 34,93 38,15 11,64 57,68 2,97 89,0 21,77 71,86 89,18 48,53 42,19 86,87 36,62 99,76 54,8 32,32 7,94 31,2 3,9 4,41 21,70 67,79 67,0 61,51 49,8 12,79 95,81 17,50 8,83 18,57 11,40 8,18 59,93 58,31 39,29 26,91 42,72 85,61 80,14 49,57 85,18 49,16 38,26 66,49 14,36 75,54 87,30 78,23 91,38 68,3 3,70 20,5 69,63 90,87 38,53 80,92 87,17 70,85 69,0 57,97 15,30 27,56 
69,42 21,16 70,42 58,1 98,13 33,18 8,93 72,94 7,93 16,30 41,41 40,84 76,80 8,43 50,37 7,25 12,89 11,25 18,25 14,64 17,63 6,39 63,45 65,13 31,63 70,17 98,64 46,82 33,55 63,58 9,98 52,49 84,83 85,78 4,39 53,29 6,84 59,72 47,71 67,97 97,4 28,82 15,97 73,11 27,12 4,75 75,74 57,90 49,37 91,98 54,21 49,82 21,57 57,99 13,23 58,86 36,26 23,98 47,32 83,13 55,36 11,80 99,91 38,51 8,5 38,36 24,63 88,49 64,18 1,67 23,1 26,0 80,53 95,27 94,90 16,56 6,38 55,38 19,24 63,2 34,51 84,33 5,27 0,24 54,65 27,71 43,8 50,89 90,36 18,2 22,97 52,19 16,23 17,52 38,91 70,39 26,48 65,22 88,71 88,94 
95,32 9,30 48,64 73,2 44,20 34,78 5,85 87,27 32,83 5,75 43,67 28,33 5,50 44,18 24,8 78,59 49,12 87,91 54,9 56,50 7,25 31,42 80,30 75,86 34,53 86,6 11,60 33,28 18,60 34,52 84,2 66,41 62,55 18,34 72,77 50,76 7,2 73,83 71,39 53,14 69,87 15,41 30,2 3,20 60,65 51,19 93,53 98,29 51,8 29,28 82,94 61,91 23,53 42,33 45,21 1,42 16,37 80,53 16,62 72,90 19,13 16,35 32,31 90,57 18,54 40,24 23,43 59,79 61,21 98,82 93,6 86,27 91,67 87,51 26,4 0,100 41,84 58,82 1,59 29,57 43,44 47,59 56,65 71,76 7,59 42,12 49,77 6,23 61,86 76,85 13,62 25,18 49,94 58,72 87,23 11,24 64,66 18,56 34,28 0,87 
37,71 37,27 72,26 95,100 75,35 65,71 37,59 82,72 54,100 79,93 88,3 22,4 62,58 58,92 52,13 8,20 84,57 56,93 11,71 90,96 50,66 38,3 60,75 100,83 83,77 34,15 97,60 92,52 45,87 62,11 34,2 21,86 37,85 51,12 81,54 19,31 89,12 68,33 11,12 4,94 40,30 67,94 95,96 57,26 12,52 9,35 50,45 79,65 74,62 57,96 16,100 16,64 4,60 59,72 20,19 20,71 98,37 26,75 66,3 42,33 90,23 52,88 20,9 47,89 54,43 24,0 70,66 86,43 56,41 12,48 65,87 30,88 60,88 63,62 83,30 51,75 52,36 55,66 71,35 61,24 64,9 45,5 56,39 12,79 53,11 57,39 91,86 74,22 43,3 77,75 66,38 88,67 68,4 65,63 11,23 17,73 8,37 45,55 15,71 54,51 
85,54 78,80 58,64 6,74 39,16 28,87 86,70 2,48 46,72 95,29 36,33 83,81 18,47 40,14 63,5 30,33 73,76 92,75 47,65 81,28 63,37 94,0 77,22 81,44 29,63 71,26 39,15 78,15 31,0 22,2 88,79 14,51 61,18 18,83 91,79 6,15 12,95 94,44 78,97 61,34 60,6 55,33 87,68 99,55 48,0 88,95 77,52 45,87 32,71 25,86 29,98 2,61 59,32 32,6 58,51 60,87 41,13 22,70 12,38 98,71 99,17 9,53 58,89 78,33 71,17 85,2 6,76 99,18 51,40 60,1 76,65 11,25 31,79 86,40 56,0 11,28 27,41 44,76 54,9 32,63 96,83 68,100 62,70 31,10 42,64 37,26 91,100 2,95 73,30 46,15 7,90 92,52 98,29 16,77 26,68 20,62 7,0 24,92 25,21 8,98 
2,8 43,83 0,3 12,64 55,21 89,33 9,72 9,25 85,56 2,33 76,72 64,6 1,100 71,3 83,70 68,26 91,71 90,64 16,79 39,54 64,42 69,75 98,83 70,0 12,36 35,31 97,17 23,81 77,45 39,40 47,50 62,57 66,93 85,70 22,51 61,38 57,9 51,46 13,21 9,72 29,24 43,16 6,41 11,48 8,9 20,77 13,76 61,56 13,79 75,51 13,39 32,37 84,58 77,44 45,18 43,0 71,33 93,8 15,30 65,63 3,49 88,55 43,91 71,83 31,23 95,36 71,44 66,54 44,91 18,72 75,29 81,70 63,68 36,90 58,12 94,78 45,69 61,18 64,57 26,67 36,65 65,54 31,92 34,28 33,45 51,71 55,76 37,77 63,85 71,42 89,78 100,25 66,90 46,83 55,74 71,59 17,66 2,25 84,77 64,34 
0,53 44,70 73,87 48,64 52,41 85,29 56,24 1,86 53,4 90,91 4,15 43,35 21,86 60,96 33,71 53,41 14,68 63,60 38,66 31,35 75,58 25,17 70,3 38,47 0,94 35,81 27,29 8,52 1,1 69,58 95,10 92,10 47,8 19,42 72,9 21,2 84,97 63,38 55,22 73,94 96,10 3,63 76,97 50,83 85,64 9,45 1,30 3,40 69,60 62,61 61,4 5,96 92,68 28,28 69,4 83,22 99,85 67,63 34,69 35,42 82,98 42,81 53,44 56,15 100,61 56,74 32,34 63,37 40,82 88,61 59,71 26,77 9,50 97,91 52,14 54,45 35,24 31,5 23,37 62,82 10,19 5,20 77,36 57,7 97,30 72,56 11,87 43,36 92,76 49,68 18,74 86,80 69,56 28,66 10,40 70,83 95,57 58,18 2,76 51,13 
100,58 86,82 43,35 48,28 73,87 52,44 91,69 42,67 99,96 17,77 77,73 67,89 4,10 21,2 27,22 72,88 10,43 87,29 33,17 26,93 61,87 49,63 34,50 17,16 39,100 46,36 39,32 55,83 79,42 74,66 16,14 84,24 37,7 14,53 79,58 93,23 59,58 65,68 29,60 68,86 12,73 30,21 86,34 9,39 32,23 38,90 32,77 38,100 55,79 13,42 52,15 61,88 38,71 28,2 47,83 55,41 94,52 50,10 29,34 52,27 64,37 42,32 17,57 8,11 75,99 42,34 87,4 57,52 1,84 10,31 68,12 74,22 92,12 22,41 23,87 27,79 4,66 82,23 79,21 11,17 7,64 80,45 94,31 64,8 56,79 64,60 6,5 12,42 21,85 3,58 14,27 39,2 99,5 37,67 27,69 29,42 44,43 68,39 30,15 49,50 
92,88 46,48 93,85 5,20 26,34 25,70 72,19 61,74 88,75 19,79 2,47 78,7 12,80 96,85 7,100 34,99 91,68 50,94 69,13 30,33 52,56 91,95 55,95 80,76 23,74 53,19 20,66 92,6 57,62 0,55 58,4 84,17 32,26 49,12 10,78 92,94 44,13 100,46 55,92 39,23 14,62 46,92 42,95 4,67 94,54 73,17 24,93 16,50 3,64 58,56 70,97 18,31 34,74 94,45 90,93 19,0 70,35 10,73 51,9 39,80 9,18 72,41 70,3 88,52 25,88 4,58 54,94 35,54 82,56 86,31 90,90 50,73 24,18 44,26 36,74 70,30 31,95 0,74 34,97 9,9 63,40 72,29 3,52 8,34 78,67 85,54 98,31 86,2 22,40 90,78 75,62 99,47 38,66 99,29 7,82 37,95 50,54 61,43 2,24 86,27 
52,45 41,54 3,54 34,85 52,1 8,19 37,4 39,99 0,37 43,93 5,56 14,52 5,89 86,31 64,23 61,65 65,19 64,1 13,55 64,69 14,100 15,25 5,0 37,33 3,80 80,22 60,50 34,50 65,44 52,69 95,77 16,26 22,45 23,16 42,63 15,55 84,44 77,95 2,31 42,61 87,67 78,99 53,90 27,65 90,72 77,75 0,36 3,14 18,32 64,20 66,36 18,31 33,24 21,79 78,90 87,86 18,45 0,6 14,50 91,60 27,49 14,41 41,65 70,80 27,18 5,84 53,7 7,64 54,91 80,88 65,18 6,8 66,20 67,76 75,2 63,39 34,61 86,68 1,90 58,77 22,94 14,71 66,54 29,28 66,67 86,79 61,24 51,42 37,88 12,6 75,21 80,30 18,53 36,23 34,67 83,16 4,63 48,27 51,79 59,43 
14,18 11,45 56,3 92,58 34,38 59,44 29,0 17,8 31,95 91,11 19,93 92,81 42,69 1,70 4,79 24,29 6,50 97,99 13,38 44,75 60,79 48,12 42,36 23,89 80,95 53,86 92,46 88,15 92,27 72,39 68,98 1,0 47,41 90,72 47,12 32,11 64,77 92,26 68,80 75,61 33,3 79,87 89,40 10,77 48,88 7,32 64,14 5,4 53,85 88,24 33,31 57,31 17,46 0,9 8,49 1,67 100,76 56,25 80,0 53,73 32,48 21,66 29,82 99,7 37,53 31,36 40,90 43,74 55,6 89,33 36,96 4,94 66,44 92,7 43,50 6,84 82,68 25,89 60,20 16,30 85,46 62,17 81,45 59,78 66,83 63,22 79,25 97,5 99,64 45,85 43,85 64,95 18,42 50,77 79,7 62,74 31,95 62,96 75,40 74,47 
69,97 100,41 62,29 98,62 99,61 1,8 10,39 17,91 63,65 18,49 68,91 45,55 8,45 46,66 99,37 12,27 95,96 100,63 81,97 55,28 43,82 58,72 71,21 51,93 57,60 93,60 13,18 8,91 10,31 12,84 83,4 16,37 45,27 4,33 36,78 97,65 27,92 61,65 88,89 46,83 4,41 87,7 44,88 27,65 74,13 9,96 68,11 7,100 18,88 60,26 68,25 86,4 85,89 58,6 49,89 60,89 70,9 56,94 91,31 17,15 85,55 37,72 62,3 15,68 50,43 43,98 51,37 5,23 52,64 45,32 53,83 37,1 51,56 45,39 50,94 58,75 97,33 93,72 5,30 88,40 39,85 93,75 13,75 36,0 50,5 99,94 81,70 81,22 37,2 78,30 4,98 85,94 4,69 50,51 28,14 91,97 17,2 12,13 30,72 28,84 
34,22 73,71 41,83 54,14 7,51 91,57 23,59 49,84 28,77 58,83 77,47 52,10 68,96 17,52 9,80 28,49 15,26 62,8 22,43 88,18 29,25 37,42 1,68 45,28 78,48 13,39 99,9 3,50 6,52 70,73 35,40 63,44 27,90 1,41 72,7 17,46 77,2 45,29 30,5 92,49 30,98 46,17 52,90 83,34 42,41 9,57 86,66 46,65 67,3 23,14 96,83 20,20 92,96 2,60 89,76 97,75 96,73 58,87 67,71 71,17 8,14 14,40 68,17 56,45 34,60 18,55 36,14 94,3 30,0 67,75 17,88 91,29 51,17 55,24 19,75 67,71 49,53 58,63 61,27 37,85 57,9 37,19 59,66 8,37 20,7 46,70 79,43 12,24 97,88 65,7 42,23 22,54 9,81 0,0 16,34 89,16 48,94 29,24 36,9 12,8 
29,40 91,74 76,72 6,6 51,17 27,26 66,10 78,54 89,16 19,8 82,24 53,8 12,92 9,97 37,34 67,65 37,36 69,100 28,44 99,66 61,13 35,34 43,28 12,53 98,58 43,11 50,65 13,58 80,74 63,2 22,41 64,23 71,88 33,46 76,20 32,56 52,55 19,35 76,14 98,69 49,90 96,42 100,15 50,61 60,60 8,38 86,65 84,85 66,44 8,5 13,87 97,22 99,66 77,64 64,11 59,62 16,93 75,14 73,46 18,85 96,8 68,63 94,20 100,88 29,64 58,10 40,55 99,85 21,17 100,53 70,93 69,27 51,29 41,83 40,10 66,11 12,0 52,98 4,82 98,55 97,94 74,16 85,62 43,15 16,61 36,48 65,22 45,89 10,47 52,72 64,26 99,56 35,15 73,61 16,76 64,73 7,72 95,87 31,19 64,67 
71,28 89,83 92,35 64,67 18,65 53,7 48,98 84,30 31,12 72,76 23,75 1,71 14,40 65,51 16,20 53,43 92,66 39,48 66,42 25,56 52,24 78,7 99,8 89,13 50,1 27,92 62,50 1,57 42,53 33,14 20,55 28,12 35,97 72,22 4,85 26,71 80,81 26,44 30,85 52,40 44,32 24,16 5,14 57,60 92,52 66,27 53,22 1,8 66,16 97,35 23,79 43,97 0,22 3,76 5,61 92,36 79,78 67,60 8,55 91,76 91,67 41,26 63,53 51,80 57,88 78,54 57,2 100,4 95,82 37,62 89,54 60,36 2,42 100,70 46,24 37,98 56,75 52,44 14,41 0,25 63,5 97,73 74,28 45,54 96,68 11,22 73,11 83,53 68,25 39,30 10,7 63,93 17,43 89,35 12,42 86,18 41,77 34,66 50,83 47,70 
99,97 38,52 91,82 26,87 37,71 78,76 29,37 45,73 8,51 9,19 32,45 51,2 48,78 66,1 4,35 97,88 59,30 96,65 2,0 28,12 37,55 95,41 81,10 59,89 64,23 61,46 60,95 78,61 90,9 23,85 76,56 74,2 17,6 71,69 36,58 58,87 23,75 89,82 58,53 2,49 96,93 93,10 58,80 57,61 54,40 88,24 7,87 34,52 14,26 22,70 61,28 34,92 65,87 32,88 22,67 69,85 3,34 88,15 41,24 91,3 0,75 16,75 44,90 2,79 100,42 61,73 16,73 94,92 39,52 2,84 26,31 27,85 99,5 97,92 54,78 4,36 55,7 67,29 54,56 64,1 62,96 37,39 38,78 68,80 77,76 96,5 97,45 76,26 68,52 30,22 26,43 3,98 39,57 33,42 100,33 2,93 43,21 49,8 71,62 8,60 
53,58 22,21 29,60 18,16 3,98 95,79 100,59 19,55 94,31 71,20 16,23 27,40 18,45 43,48 32,69 74,18 77,87 4,93 70,100 37,76 79,88 26,4 85,99 12,18 5,21 5,87 45,44 91,93 67,34 54,8 28,12 24,7 66,29 4,78 34,75 99,7 13,70 96,26 62,65 48,88 88,86 99,93 79,10 99,76 13,28 13,9 22,10 81,71 21,59 14,74 90,84 15,8 38,65 94,37 59,98 71,36 78,90 63,44 94,5 86,60 89,32 13,32 60,72 17,58 47,83 36,80 20,12 36,54 79,55 34,94 58,24 88,94 36,69 34,56 80,29 5,43 46,17 3,8 23,94 0,64 60,36 36,21 88,50 57,76 4,76 4,76 42,9 29,26 38,60 84,36 27,62 81,34 9,76 26,82 21,40 86,24 39,76 79,93 19,63 89,68 
96,21 32,40 29,35 61,19 14,86 45,52 15,64 19,26 53,94 33,41 1,23 33,96 81,90 35,5 18,4 16,24 75,18 27,78 54,61 89,100 2,74 65,99 41,12 96,4 53,63 47,45 66,11 49,26 27,29 84,91 28,89 29,52 71,21 90,9 82,0 26,39 62,53 50,43 58,66 28,14 12,50 24,10 46,9 96,23 77,52 33,47 37,92 22,71 6,71 9,99 89,84 35,11 89,60 88,4 71,61 42,28 64,9 15,23 20,68 16,50 44,82 78,82 92,85 7,40 11,28 29,29 83,62 23,15 69,7 98,64 32,85 8,72 90,30 57,37 76,31 31,0 63,34 27,62 22,27 49,71 17,44 51,14 29,98 43,58 24,79 20,55 21,38 68,41 36,97 83,46 28,56 44,16 42,77 92,22 76,48 21,80 85,73 23,23 75,62 59,15 
97,64 99,52 29,64 44,87 89,34 7,77 40,25 95,20 94,71 21,33 71,87 11,14 41,82 48,79 20,2 95,87 10,14 73,84 12,52 95,54 93,99 94,35 36,81 97,7 40,82 13,99 28,87 74,54 23,26 14,20 76,12 11,83 4,65 25,91 50,95 94,47 30,91 3,74 58,75 67,2 42,9 55,74 0,68 90,74 88,81 78,22 38,89 63,29 81,24 60,70 31,73 72,97 62,45 51,0 55,30 31,24 10,90 68,63 40,19 13,2 100,14 25,98 98,60 67,33 35,49 11,40 99,27 5,43 16,82 6,59 90,35 62,48 61,97 68,2 29,98 61,91 96,23 51,9 8,1 18,22 8,44 31,1 87,20 60,65 20,87 87,100 68,23 42,12 52,55 12,22 24,97 34,63 53,65 75,28 36,39 77,16 7,40 31,47 65,45 58,0 
61,99 55,39 50,7 34,34 32,76 80,35 76,28 82,91 85,43 8,89 97,38 100,51 78,93 32,45 14,99 91,21 55,78 9,86 40,11 1,34 18,44 62,66 13,6 37,37 25,85 44,19 60,84 38,87 28,83 17,66 92,4 84,60 6,32 1,34 80,56 96,20 60,28 99,33 88,33 43,33 49,72 5,43 77,98 23,55 85,41 95,61 6,28 99,74 64,13 24,21 60,97 46,82 100,2 29,26 15,29 23,60 41,63 71,80 46,40 11,20 50,56 15,72 86,82 85,57 63,10 40,85 88,99 86,100 96,10 37,8 90,23 87,28 3,80 86,91 35,24 0,10 22,10 42,14 56,36 44,77 39,95 75,84 48,61 65,2 25,58 24,23 14,22 12,51 54,99 76,68 76,31 77,96 36,44 28,5 44,16 97,72 71,6 0,18 11,75 1,48 
58,24 87,72 91,61 24,48 40,25 69,95 86,86 12,50 13,81 88,4 90,58 76,18 89,45 34,48 15,8 5,84 71,59 76,63 71,63 53,44 33,16 45,80 1,73 55,24 42,72 47,55 71,68 79,58 19,11 78,74 10,42 7,93 1,82 9,68 90,10 44,10 63,11 46,34 53,2 9,27 72,24 37,13 42,52 59,86 88,96 40,18 8,96 61,93 47,58 17,16 70,34 79,70 89,22 72,21 24,63 64,43 15,39 72,76 18,64 88,6 16,20 69,80 22,94 5,100 28,82 86,24 40,75 30,68 95,26 68,88 49,81 95,34 24,66 82,54 19,45 54,43 19,47 17,35 22,68 4,13 15,93 8,80 54,48 93,100 76,90 70,19 50,40 25,84 70,49 17,32 9,61 97,28 83,73 55,28 1,65 39,92 70,88 34,5 65,32 75,83 
4,57 35,18 41,9 40,66 38,17 31,78 49,59 7,58 67,100 95,29 84,42 94,38 97,37 70,27 4,12 38,15 97,9 43,28 31,75 50,26 47,51 38,62 27,29 26,85 8,96 4,62 22,43 47,23 10,47 12,74 10,93 13,92 10,88 60,69 3,56 36,44 3,88 28,83 78,5 5,65 15,12 50,38 3,51 74,24 28,80 97,33 70,34 41,70 87,79 78,62 42,77 48,73 98,77 33,79 2,14 77,60 24,25 7,66 47,92 31,47 47,49 41,26 56,34 70,70 2,76 91,47 86,88 4,1 60,79 28,23 37,9 93,9 34,81 72,71 63,51 70,4 49,91 87,11 56,43 41,88 92,77 85,82 36,96 62,61 2,61 17,33 34,38 11,58 100,27 70,0 62,5 31,30 18,2 2,90 87,16 47,72 20,62 88,22 70,19 9,99 
87,70 69,68 18,66 10,83 42,41 68,77 64,28 53,64 33,36 25,35 81,87 99,58 57,75 95,73 86,2 99,31 41,71 1,83 4,11 37,52 18,41 13,27 30,54 44,3 22,86 53,67 44,72 44,30 5,8 12,74 98,64 91,70 1,29 65,83 41,13 55,27 75,8 66,45 27,22 57,37 98,25 43,21 36,16 80,37 74,80 18,1 18,48 74,42 96,58 67,42 17,28 40,23 97,34 65,18 16,53 5,79 94,55 55,60 75,43 81,31 88,54 8,83 66,72 68,89 30,16 72,72 76,63 25,77 58,11 37,80 11,53 39,97 55,27 42,41 25,66 19,59 21,41 69,36 19,60 63,50 15,89 36,4 36,72 72,79 50,68 48,99 46,96 42,20 61,97 24,84 3,85 51,77 96,35 33,82 69,87 46,31 52,92 35,24 73,85 92,5 
88,14 24,96 72,17 20,50 52,8 38,6 75,28 98,32 29,52 74,86 97,73 80,20 53,75 67,3 19,77 76,59 11,56 23,68 71,4 2,87 81,7 4,65 7,12 33,39 57,21 64,40 96,99 38,55 61,91 0,45 84,74 5,52 67,13 6,52 17,65 95,48 65,85 80,14 84,95 72,1 93,48 85,59 25,98 71,58 30,84 39,4 64,27 82,48 4,6 28,26 30,2 25,10 85,81 16,90 31,87 44,71 25,35 55,31 12,59 18,49 99,5 71,64 6,94 56,39 36,55 59,81 22,84 5,70 68,95 53,21 47,41 26,95 10,75 70,16 4,51 76,16 37,97 25,86 41,54 88,39 39,54 92,21 37,64 68,26 100,18 1,6 25,63 98,95 27,40 78,68 100,10 47,61 94,19 18,81 32,20 45,83 92,86 92,18 43,9 97,45 
78,11 76,88 66,17 12,24 50,89 88,57 28,66 27,66 28,64 17,62 25,100 56,68 55,0 70,2 62,58 90,42 46,69 44,56 47,67 70,65 68,44 19,32 51,51 76,60 52,10 92,42 11,31 2,45 66,59 9,27 82,18 14,67 32,39 10,88 32,81 7,9 41,10 8,45 76,85 20,89 55,95 77,36 5,64 84,86 43,69 34,51 6,86 94,9 43,49 76,68 56,72 65,50 74,52 26,76 59,72 92,5 1,83 62,5 12,19 96,37 80,86 76,44 46,5 36,90 62,72 18,29 66,9 10,32 13,79 13,19 66,53 60,29 18,45 100,35 84,11 83,31 1,94 24,3 97,43 14,100 24,75 84,76 39,90 4,35 3,44 91,100 3,30 52,12 31,76 41,63 37,64 17,83 70,21 53,89 23,89 9,69 72,96 7,22 76,61 67,51 
1,9 100,49 11,81 47,92 47,82 34,70 33,40 60,62 12,67 78,33 38,80 97,1 81,15 30,47 69,82 43,18 56,26 91,17 64,74 55,21 58,10 7,59 2,58 79,98 54,39 78,22 71,52 69,35 39,75 56,32 60,66 61,12 61,45 80,25 5,77 46,46 61,42 44,35 55,76 82,98 94,19 3,54 12,61 47,87 37,86 69,8 92,39 16,24 23,35 5,40 59,39 14,21 13,13 24,0 26,75 32,7 88,78 27,1 60,8 86,82 4,97 83,36 94,51 15,44 20,89 91,44 44,40 70,17 0,33 52,4 37,74 86,75 3,1 41,30 44,20 43,11 52,76 9,57 16,5 28,100 22,97 77,1 63,94 35,45 31,44 22,31 63,77 64,57 63,74 58,100 45,91 81,84 25,43 39,20 17,29 60,36 6,40 41,79 84,63 47,1 
89,21 66,0 55,42 5,94 46,53 29,78 55,70 82,24 86,78 93,54 33,55 79,44 16,4 19,29 84,31 2,54 20,19 47,87 83,8 99,33 37,43 77,43 66,4 0,38 59,26 24,98 100,20 61,44 58,39 78,97 33,86 9,81 91,72 31,54 28,64 89,77 15,35 53,0 54,83 97,23 34,13 34,70 70,52 83,37 26,68 40,6 37,18 16,79 21,64 13,92 96,60 28,4 13,56 1,5 73,65 23,99 79,89 3,78 50,16 49,60 22,78 86,38 48,7 15,16 39,9 38,84 39,85 61,64 78,23 54,1 5,22 53,57 77,26 28,11 1,19 97,27 49,94 33,23 68,41 52,29 63,53 42,12 92,7 54,94 40,9 48,57 0,68 43,62 45,6 94,26 6,73 15,30 88,24 54,48 23,94 21,29 42,63 13,25 7,2 68,11 
68,67 61,54 23,11 34,55 29,84 37,85 22,8 14,9 25,96 7,13 39,45 67,81 15,2 53,49 70,57 8,9 84,15 27,1 97,41 85,22 61,12 61,92 58,77 15,90 100,7 70,72 33,67 20,24 57,81 58,8 87,52 61,33 21,57 40,79 71,41 48,90 80,33 82,3 30,56 16,96 84,98 66,61 3,88 30,76 1,69 96,67 95,50 73,16 19,98 78,11 3,51 88,96 38,70 94,11 79,62 46,90 67,73 47,16 71,98 40,49 13,32 30,21 84,55 1,53 12,51 72,73 77,85 35,11 61,44 5,97 50,16 70,44 51,97 61,86 83,44 81,11 36,60 7,71 89,65 90,74 45,51 39,70 18,79 34,100 30,23 84,81 54,62 28,80 62,30 76,55 99,26 11,38 72,12 83,15 18,42 79,87 0,99 9,15 7,94 64,47 
83,28 39,37 38,52 53,91 57,60 49,16 83,38 46,18 46,34 18,14 14,28 61,17 67,88 28,4 43,43 46,86 99,19 9,42 74,35 1,61 36,16 68,15 20,53 85,30 49,75 81,88 94,87 70,11 55,65 10,69 78,9 62,34 64,78 91,98 16,89 66,57 49,84 71,25 5,5 78,51 62,97 19,22 36,15 98,48 66,21 26,95 67,57 19,67 58,7 49,31 42,66 77,74 44,38 63,46 24,8 43,87 48,6 36,45 87,61 18,97 76,59 0,65 91,42 61,27 91,45 39,89 83,94 80,12 52,76 46,75 30,82 65,23 38,61 54,100 28,58 62,36 22,98 61,87 66,65 33,14 63,82 54,29 94,63 42,13 92,18 29,94 11,11 2,3 48,60 38,78 88,13 9,56 0,32 65,88 8,4 30,71 26,57 52,19 57,1 7,3 
7,37 8,89 24,86 62,94 33,85 87,39 36,75 100,44 84,7 23,35 11,69 58,25 64,85 53,27 6,95 18,5 51,9 71,2 52,68 28,34 22,2 67,22 2,58 37,26 74,76 69,5 40,70 14,17 96,77 3,63 63,19 26,83 83,37 63,72 70,15 59,35 51,29 61,6 58,22 15,6 89,14 8,61 27,71 71,29 32,7 17,85 2,58 24,36 70,74 19,57 73,97 90,60 28,35 76,66 78,95 45,35 82,61 72,29 95,86 48,61 11,9 21,72 15,70 22,29 38,58 68,18 81,99 20,50 90,32 15,83 26,34 60,34 4,80 18,51 97,82 18,18 41,81 51,97 51,34 87,44 95,91 34,94 88,43 5,71 63,37 85,91 28,22 31,87 90,16 22,68 83,36 68,14 2,17 6,59 87,76 82,60 4,17 78,35 10,1 63,50 
44,60 19,94 37,65 14,84 14,18 9,23 6,19 44,23 48,41 28,9 44,73 1,1 57,68 68,15 79,24 64,31 71,63 40,29 59,58 13,20 47,66 78,22 41,82 38,20 55,27 84,85 39,68 75,72 9,17 51,9 33,65 15,43 59,65 44,56 77,26 44,24 27,46 5,11 16,78 90,4 34,17 39,72 25,1 50,83 55,74 12,62 97,40 10,75 25,10 73,34 48,28 88,29 96,78 46,39 55,37 56,1 24,98 45,31 3,23 81,48 62,18 56,64 74,0 56,84 63,69 85,62 15,19 54,90 0,4 53,8 89,87 90,46 83,15 77,42 63,46 41,65 45,25 73,74 17,62 57,98 11,0 23,88 27,80 24,44 49,59 51,91 34,63 75,68 32,35 95,84 13,70 83,32 12,3 65,74 16,44 63,71 58,27 99,5 65,8 75,73 
28,64 50,39 88,20 81,75 41,1 70,49 30,18 8,89 44,7 30,84 66,35 90,57 11,95 68,48 36,22 16,11 52,40 3,49 79,48 50,98 75,67 22,69 25,36 61,35 97,4 5,13 57,28 99,11 32,11 59,82 4,52 30,0 8,32 12,44 33,73 40,14 42,57 61,5 73,37 75,42 4,13 17,52 16,33 22,99 35,22 25,49 18,74 67,61 2,56 54,7 65,74 85,22 24,23 29,94 67,75 64,17 41,84 9,10 51,89 35,81 41,75 54,30 50,79 27,34 47,11 2,6 33,30 98,70 99,43 20,17 56,50 2,46 84,88 85,88 14,60 50,40 78,63 58,68 60,30 26,7 67,78 87,86 52,39 79,54 86,70 2,72 4,59 76,68 64,94 8,4 12,73 37,47 25,54 89,41 36,24 14,50 7,97 11,80 17,33 37,68 
61,21 89,37 10,62 58,65 45,45 44,98 83,11 76,96 90,36 61,63 62,23 74,85 38,49 76,76 5,29 36,23 2,66 41,44 93,59 80,3 93,4 95,7 22,85 50,59 76,69 99,6 94,97 30,6 4,62 19,41 63,68 31,82 86,97 29,45 85,12 59,88 44,11 43,89 39,0 90,49 45,40 99,77 94,55 91,16 3,78 22,94 25,90 31,64 55,77 26,92 41,30 85,62 55,43 89,52 14,38 74,17 49,19 4,41 64,76 50,33 100,2 22,25 2,100 8,49 7,35 66,100 7,50 90,45 84,22 59,94 32,20 71,2 57,17 94,70 39,94 22,87 1,53 82,98 28,88 63,99 71,22 24,53 4,47 74,95 49,2 95,23 22,30 89,37 45,78 46,83 49,83 21,42 75,80 28,23 46,94 59,39 93,61 31,72 1,64 44,92 
45,88 70,83 90,68 53,71 72,16 41,22 44,29 9,44 65,5 59,27 45,92 30,24 21,62 93,40 63,17 11,40 62,53 90,7 27,30 13,41 45,17 37,87 11,35 25,26 49,10 6,84 91,42 3,86 45,50 8,45 53,99 26,22 59,77 74,60 18,59 82,49 17,0 23,67 38,13 36,58 67,41 49,65 87,20 75,81 11,59 34,0 45,43 44,70 39,63 59,88 84,14 61,19 77,68 43,73 37,51 68,5 76,76 39,26 48,34 42,73 56,57 79,19 11,65 92,74 12,10 100,49 89,8 42,50 76,69 90,33 81,76 82,51 95,16 89,39 22,33 11,76 39,29 35,79 77,98 27,20 56,82 25,84 48,28 33,68 22,62 55,73 56,44 51,91 97,47 53,47 35,65 51,75 31,44 32,62 43,78 62,48 53,23 46,55 31,24 16,23 
45,36 64,51 96,98 19,84 9,46 84,12 3,87 98,54 51,40 70,16 87,16 5,55 33,33 50,99 38,40 85,30 54,21 89,40 88,96 66,25 82,98 77,27 57,18 27,71 50,2 43,17 63,18 61,75 10,57 71,74 9,9 62,44 30,64 97,62 34,24 3,54 77,49 76,69 31,27 24,17 6,81 35,35 70,33 72,8 97,40 21,75 69,38 71,33 36,13 5,65 53,11 96,25 66,65 44,89 70,61 39,21 13,95 9,56 55,44 95,62 84,46 60,23 73,92 3,43 73,14 80,81 84,67 11,38 48,68 100,40 49,2 12,51 18,78 77,7 48,58 93,27 14,85 93,87 56,49 68,53 47,61 88,16 94,96 68,74 28,75 57,98 31,31 68,61 10,96 84,12 84,8 4,1 32,33 51,38 96,94 86,46 46,93 74,27 67,48 19,68 
16,88 32,5 4,14 97,66 100,56 51,59 74,6 15,68 60,56 17,30 11,51 76,25 51,85 88,15 66,45 89,23 14,84 60,77 70,50 2,68 92,73 71,30 63,66 72,67 25,26 79,85 50,83 48,85 61,40 99,63 52,94 67,42 29,90 36,87 65,81 56,91 79,59 52,84 53,90 67,47 100,37 42,0 48,32 96,14 58,21 9,71 41,98 40,29 6,87 67,23 29,56 78,53 3,27 31,9 4,81 26,54 72,98 21,91 24,66 53,27 86,88 72,56 37,67 14,39 44,51 21,75 63,57 25,85 96,0 62,69 58,15 61,64 97,24 31,4 71,34 55,59 31,95 60,49 66,100 53,25 19,89 62,78 91,41 16,54 81,46 47,85 58,1 76,31 32,91 86,80 78,63 7,53 13,70 88,81 33,55 28,20 11,60 68,59 11,92 3,5 
13,14 55,43 13,45 20,67 34,9 35,100 80,7 17,80 25,22 87,15 56,24 40,47 32,65 83,0 87,73 5,91 69,75 8,34 64,83 13,100 52,93 95,37 67,48 38,49 27,8 70,14 57,62 84,32 76,95 39,40 27,16 70,97 91,51 66,53 20,76 12,56 92,75 82,21 52,11 85,89 11,72 41,57 37,52 87,54 37,52 56,73 63,29 65,71 13,67 91,80 82,98 94,96 29,43 25,28 59,73 77,4 66,89 43,4 4,76 26,34 73,22 58,19 10,23 7,57 40,54 13,77 77,27 41,33 51,0 89,43 88,44 90,66 9,54 73,58 42,17 6,14 66,76 57,7 81,8 96,0 88,82 75,34 14,11 41,51 94,0 22,28 87,79 34,81 80,53 18,7 73,92 57,60 47,72 57,67 6,10 14,1 14,3 12,66 77,67 40,76 
51,83 71,90 63,12 70,37 18,89 71,12 2,83 87,78 55,26 67,88 58,68 95,36 97,49 22,0 41,81 85,24 60,94 63,74 53,25 15,35 91,39 40,61 16,65 48,80 32,36 23,85 68,20 57,20 19,0 76,41 40,38 32,61 90,22 45,38 93,11 96,61 6,33 72,60 42,67 21,42 35,78 42,33 77,97 26,12 57,84 16,3 94,31 97,46 62,86 10,27 12,9 51,73 73,39 72,13 25,40 76,60 51,27 14,65 37,17 28,79 90,62 19,52 69,67 24,60 35,2 31,11 18,91 85,97 64,95 83,10 63,14 4,50 29,66 72,7 61,48 28,44 83,30 1,89 75,33 18,43 97,98 92,67 31,8 83,31 20,72 96,0 27,14 69,40 93,96 73,92 68,80 14,98 84,63 43,81 95,71 27,18 54,9 94,64 72,27 30,23 
78,2 52,31 66,70 86,31 45,76 94,78 43,5 8,69 3,13 70,58 15,86 53,50 38,77 72,67 24,75 83,55 55,13 66,16 23,5 70,64 50,42 60,23 79,50 93,60 56,58 18,2 12,10 59,78 85,35 7,11 53,98 84,77 11,99 86,97 85,23 4,81 72,30 42,42 68,37 97,44 6,65 30,6 3,70 11,65 4,29 85,84 15,24 53,87 38,25 85,38 90,24 29,28 91,2 35,11 91,59 8,75 51,88 15,11 12,13 40,38 23,42 62,96 21,38 59,12 86,86 70,90 90,51 28,77 82,25 0,73 12,58 58,17 17,50 92,20 71,96 33,39 32,8 56,80 81,45 49,28 72,12 21,84 36,81 75,44 83,40 46,88 10,44 83,82 76,78 50,60 48,7 35,59 18,38 19,86 27,63 5,32 42,56 71,35 72,40 5,81 
93,59 97,93 41,32 28,30 62,90 23,47 27,97 81,84 54,88 3,0 0,71 58,57 75,100 7,82 3,0 89,25 22,66 39,95 40,2 18,76 26,15 48,3 82,32 63,65 21,32 92,71 41,29 67,89 78,54 93,46 28,99 96,16 44,17 56,44 31,39 38,28 19,72 17,53 19,77 70,87 100,8 9,90 63,86 86,89 5,29 11,59 93,100 18,69 33,86 5,65 34,78 50,13 24,20 11,91 12,67 16,25 32,68 39,10 87,8 19,61 37,17 43,4 61,74 75,7 81,83 28,97 35,38 93,56 70,27 56,83 82,63 60,100 74,37 22,28 22,43 15,57 75,87 57,35 3,71 11,71 56,51 46,33 77,79 38,39 60,19 40,58 94,94 64,13 74,76 20,66 99,70 18,63 47,42 69,100 62,72 77,41 65,26 56,65 92,1 92,46 
92,55 55,1 74,44 12,66 12,5 5,89 70,50 4,29 34,66 62,38 94,28 56,5 40,18 30,60 96,44 70,19 2,50 2,99 20,85 86,63 81,20 6,91 77,37 11,20 95,21 71,90 47,2 59,69 85,32 81,80 38,41 85,50 27,86 29,14 40,34 3,69 33,96 23,28 80,13 75,91 9,10 98,59 54,67 50,16 65,85 41,70 39,31 3,64 22,62 18,2 32,70 44,8 50,82 92,71 37,80 36,0 48,24 46,64 28,84 6,72 61,24 55,38 79,67 48,22 28,76 23,47 88,14 86,0 7,48 81,57 66,7 90,4 23,0 80,87 56,98 77,67 21,94 15,80 66,27 66,73 32,76 60,70 97,36 50,3 26,35 64,45 44,26 55,50 73,29 83,65 25,69 51,83 36,92 12,16 98,70 27,100 95,19 38,77 98,93 19,32 
20,68 27,57 34,11 39,10 85,31 27,91 48,66 32,62 57,23 31,0 0,50 50,14 92,47 16,78 47,0 58,44 2,59 88,7 2,47 95,51 9,92 14,97 92,54 35,31 2,32 63,76 79,50 93,71 90,56 48,27 90,82 62,21 64,100 29,94 7,47 16,96 50,86 9,8 49,76 20,30 80,44 19,28 13,80 36,59 21,76 20,99 100,47 75,19 90,70 44,66 7,40 97,19 71,63 32,82 88,44 7,68 69,17 27,0 89,65 91,6 17,50 78,1 70,87 92,65 53,75 68,49 85,20 47,22 42,39 27,30 37,83 81,55 19,47 59,3 73,28 80,49 52,31 23,62 30,52 95,77 81,86 99,11 36,91 16,67 4,100 43,60 100,41 15,35 85,44 9,63 50,31 61,33 51,52 71,17 60,35 94,72 32,20 35,3 16,72 3,0 
29,75 5,72 48,33 42,24 97,34 53,63 65,91 21,27 43,93 22,50 78,50 75,23 82,72 22,80 86,34 64,96 66,31 37,62 67,75 78,100 37,100 99,17 79,57 42,44 9,7 55,39 4,30 45,29 26,0 29,6 12,100 20,81 68,97 42,62 39,94 48,80 70,17 85,60 23,62 42,47 68,31 14,60 51,60 66,58 83,32 54,32 95,19 78,86 72,54 49,21 82,70 50,75 83,88 53,35 69,33 11,25 35,15 78,8 3,74 37,85 86,39 34,21 53,68 67,83 92,97 81,10 79,99 81,61 20,87 57,8 14,64 75,88 23,81 100,69 70,64 69,51 35,10 46,60 13,0 90,4 55,13 83,37 25,78 78,60 6,49 97,75 24,20 83,63 18,39 29,60 61,70 52,84 8,9 55,100 58,70 84,15 55,17 66,99 27,10 29,43 
5,98 67,47 74,97 14,15 88,58 44,20 85,59 50,95 5,73 66,29 86,3 56,100 1,12 8,27 79,4 99,100 58,86 2,85 74,0 76,38 32,53 45,66 64,18 14,35 12,23 1,45 83,37 100,20 27,25 3,6 1,85 67,41 17,7 79,35 19,34 28,82 18,49 27,43 21,72 24,74 75,97 72,2 6,21 82,74 5,3 29,47 50,49 27,26 75,30 22,6 61,5 96,8 30,86 4,30 7,29 9,3 12,63 77,31 43,68 56,57 62,91 80,5 7,35 37,12 38,96 70,18 17,24 3,17 49,81 17,26 50,6 35,51 89,85 7,58 89,26 34,33 42,51 52,95 44,5 62,13 66,67 41,56 76,67 12,40 76,4 34,33 89,58 9,39 29,62 13,52 64,64 29,94 25,32 95,68 98,88 54,85 98,63 31,1 10,40 45,24 
88,75 5,33 26,34 20,87 48,50 28,77 45,49 11,49 84,94 75,89 7,41 34,6 60,18 20,87 97,14 28,58 66,38 92,17 73,25 68,81 67,56 86,15 48,79 25,87 19,86 56,1 88,55 47,0 27,84 18,8 79,94 72,42 11,34 44,27 40,80 40,48 4,89 58,57 39,92 89,7 24,36 71,36 10,21 37,88 3,44 61,11 29,90 56,14 76,52 53,28 58,72 13,87 30,43 16,70 61,98 50,0 30,51 99,54 36,18 80,16 5,51 48,42 34,43 45,45 22,76 3,36 27,33 59,83 57,38 59,3 24,56 41,68 84,22 51,10 18,65 1,11 96,52 6,25 19,97 10,65 100,81 67,98 54,93 26,23 77,83 4,96 82,10 29,38 41,100 72,46 76,26 43,73 56,86 72,19 57,13 60,66 96,73 44,49 79,16 72,3 
75,98 8,96 89,84 54,57 47,18 90,22 60,100 58,29 36,64 26,14 28,78 18,29 48,86 43,58 61,16 67,47 67,77 39,46 94,94 11,52 57,67 30,76 88,33 41,43 35,31 24,28 1,0 68,19 7,66 95,49 82,29 92,75 32,83 36,98 85,84 83,83 16,31 0,40 65,51 83,51 51,44 85,89 62,35 100,21 54,26 17,48 91,65 33,40 94,96 40,6 61,6 35,2 64,68 7,48 71,3 32,64 89,24 35,23 77,53 63,23 100,40 25,8 66,64 59,68 43,59 73,100 74,89 18,77 70,92 69,29 36,0 79,64 43,19 88,28 60,81 88,15 55,70 1,7 91,44 71,6 64,50 57,48 26,8 100,31 100,7 88,84 30,56 95,46 59,19 95,94 38,30 8,83 96,73 70,74 13,3 71,56 99,24 52,46 100,0 60,84 
65,16 82,22 20,63 66,16 80,10 47,38 26,16 35,29 28,69 31,81 26,17 20,7 11,65 39,23 14,2 55,3 53,67 21,82 74,33 39,25 11,9 96,75 20,34 6,36 94,5 66,82 60,45 77,39 92,54 100,60 38,9 81,77 58,90 37,87 61,1 46,51 27,73 38,36 48,24 27,61 61,58 64,20 63,49 60,92 20,44 4,89 59,16 1,23 40,59 63,49 67,56 25,96 94,19 27,11 17,39 34,32 8,57 43,39 22,38 63,22 98,27 67,2 1,83 30,71 60,31 9,19 7,88 17,25 1,92 69,55 99,21 100,58 66,29 4,44 11,86 73,18 18,6 24,26 31,88 74,92 52,80 27,42 66,52 34,29 85,22 10,80 48,96 81,57 40,88 69,90 43,28 17,30 25,7 19,94 54,19 84,60 17,85 11,14 73,33 88,41 
64,7 72,33 31,10 79,36 56,30 70,50 67,73 62,92 69,49 14,80 99,58 4,43 17,51 26,95 68,4 58,81 93,77 70,51 83,16 35,24 70,66 4,1 41,29 12,0 42,20 19,95 56,49 76,68 44,14 67,56 85,60 43,90 51,45 13,26 4,97 9,56 59,98 34,44 43,98 31,89 80,11 18,44 21,45 5,35 71,16 60,4 77,63 56,6 80,58 61,7 77,16 64,50 51,70 71,64 40,63 24,1 56,17 97,68 25,35 2,61 37,100 57,32 19,73 38,85 59,0 62,4 10,72 21,9 91,94 59,52 86,5 70,75 22,79 52,25 34,36 3,89 58,8 96,93 44,75 100,32 79,98 10,57 99,38 98,19 81,79 63,12 77,8 68,12 40,68 69,10 61,35 75,83 22,60 86,88 66,69 75,74 76,90 29,57 68,6 65,80 
62,53 13,56 44,10 61,14 77,58 63,19 47,36 61,89 96,93 28,2 84,71 83,6 41,90 40,9 30,50 80,15 83,22 61,76 17,48 8,59 42,36 35,45 31,23 19,5 74,0 28,44 27,31 49,61 15,25 71,98 4,54 95,92 81,56 3,46 58,53 82,55 69,32 47,45 17,88 22,84 62,65 20,57 84,69 18,45 9,15 88,59 12,80 82,65 67,59 88,33 62,75 85,54 31,67 63,79 3,55 0,24 84,28 80,20 41,53 64,43 87,72 43,94 61,67 54,75 40,20 91,69 26,16 96,10 59,52 2,88 10,93 81,53 66,3 13,67 54,11 93,88 80,84 27,82 23,39 39,46 83,5 5,38 81,58 98,95 15,31 28,47 99,55 44,67 4,87 46,47 5,73 79,10 11,97 7,81 42,20 18,1 72,39 19,44 42,15 40,40 
37,20 7,18 0,98 47,76 12,37 45,2 11,95 85,53 46,57 4,20 85,4 16,13 88,93 71,18 11,21 54,91 52,51 93,41 83,4 0,60 54,27 76,12 78,45 63,71 35,36 88,45 54,33 78,91 26,13 45,5 27,45 25,37 100,46 70,98 2,51 65,20 42,22 69,26 61,53 66,47 2,60 5,100 58,10 88,55 16,80 47,65 56,27 56,38 47,59 89,70 7,90 29,40 98,15 56,8 50,40 34,11 18,62 66,21 52,79 22,82 38,1 65,22 28,32 81,55 83,87 63,81 50,66 47,9 8,25 76,96 64,18 35,89 40,77 42,98 51,40 97,13 99,70 72,100 62,39 28,47 81,83 92,74 71,10 9,55 22,73 8,69 57,69 15,18 76,33 60,44 65,67 62,97 52,66 85,45 46,64 45,100 13,11 19,5 42,99 76,28 
5,68 1,44 8,36 87,47 29,94 98,32 23,90 77,73 70,92 84,93 85,69 77,31 86,82 17,37 86,90 39,84 1,89 34,83 11,66 18,45 40,48 52,29 41,44 14,77 41,66 37,39 77,83 57,45 33,80 53,52 78,72 39,34 82,22 20,47 14,59 16,53 22,62 33,9 7,69 1,42 63,27 74,69 78,12 45,90 61,36 92,11 43,19 66,65 40,59 71,4 62,28 85,90 0,54 5,61 88,99 2,9 56,70 83,3 91,44 37,92 82,57 31,14 27,100 97,50 3,45 10,81 40,64 40,43 10,99 68,82 50,72 63,32 64,94 18,4 10,19 55,98 53,44 33,27 15,10 97,45 91,37 73,94 56,65 64,78 28,23 35,34 60,71 51,16 95,56 11,18 93,2 92,95 90,45 59,1 44,40 14,16 64,33 96,58 50,9 85,71 
65,61 4,66 44,63 59,36 18,70 35,17 28,93 37,5 39,92 42,99 22,60 73,6 78,71 86,92 18,88 16,36 4,51 52,8 42,77 57,58 67,28 11,25 85,80 18,79 88,6 41,0 81,33 9,0 9,26 94,64 79,2 35,93 42,48 51,74 50,47 35,75 0,14 31,48 33,7 86,95 92,99 92,70 69,17 90,58 22,42 75,10 7,74 62,93 90,46 30,9 37,59 39,100 62,46 82,17 7,84 17,72 59,35 8,73 46,52 58,6 23,6 92,33 82,31 42,36 57,73 70,88 20,55 2,35 5,66 26,58 28,16 95,39 93,34 32,65 46,65 72,51 70,2 2,90 26,35 67,13 7,78 77,13 15,57 39,53 8,24 11,19 44,98 84,62 69,33 79,99 82,32 80,51 51,99 4,2 21,59 33,80 61,78 37,85 8,31 10,41 
5,50 50,20 42,23 4,50 16,70 25,34 20,10 56,12 98,25 87,73 67,39 35,88 6,74 96,85 9,49 97,39 23,65 78,83 46,62 3,49 52,23 37,64 28,31 90,89 99,100 66,6 83,34 48,87 70,64 87,48 30,35 30,9 43,80 71,65 60,99 63,100 43,41 29,97 1,94 32,96 20,27 11,71 29,42 98,26 45,98 73,28 24,79 4,76 86,46 67,11 15,32 64,15 57,30 35,41 59,55 95,3 68,3 16,27 100,93 89,59 74,0 37,20 82,18 42,4 91,66 83,8 42,0 59,88 58,70 14,62 1,88 86,76 70,66 95,97 30,93 67,20 16,0 88,73 32,99 58,27 71,32 89,26 8,95 60,59 27,49 84,34 77,71 30,80 64,49 68,32 53,16 54,3 84,80 0,13 61,17 13,37 8,64 92,72 21,41 22,51 
53,62 59,24 50,1 100,2 96,0 82,30 33,40 12,58 55,40 84,75 50,1 32,46 30,13 34,0 72,94 97,77 7,38 39,52 38,35 2,69 90,10 42,57 58,38 35,45 27,43 35,32 79,19 69,21 7,5 40,98 26,35 71,52 12,1 66,22 19,50 96,49 88,63 32,23 73,45 61,7 46,85 37,84 64,13 30,68 22,79 38,45 52,19 47,87 3,88 48,99 16,54 88,10 0,91 54,88 42,32 45,2 47,36 22,53 79,8 31,66 59,72 4,11 25,88 5,42 13,54 16,58 27,1 34,46 95,52 31,44 99,19 38,77 60,80 46,20 15,11 19,20 94,74 15,17 65,47 46,2 75,18 33,32 32,20 98,29 45,48 30,59 11,83 26,34 40,35 4,56 84,98 100,66 58,7 89,52 100,51 38,38 0,0 27,54 97,73 88,33 
98,79 45,54 36,98 4,83 56,66 38,6 48,73 2,27 29,44 16,22 54,7 13,48 98,57 12,82 69,87 81,12 82,44 26,31 41,54 37,18 62,46 19,77 30,46 50,36 68,23 17,0 74,4 1,62 29,69 69,77 2,80 49,90 30,3 20,63 62,95 42,27 98,36 21,89 16,6 68,5 94,18 90,88 78,26 99,48 49,41 89,7 40,11 30,49 88,48 52,72 8,75 33,44 7,1 99,43 35,15 76,29 56,7 46,65 41,75 88,19 18,6 47,75 32,66 35,65 3,3 61,45 70,24 93,75 43,84 94,99 5,12 49,10 77,65 17,16 38,20 27,94 47,37 47,23 73,28 7,68 83,34 19,100 79,72 39,94 99,95 14,1 33,74 83,62 43,13 68,28 28,77 12,51 21,33 19,94 57,78 35,36 72,14 69,75 94,31 12,75 
35,46 22,9 43,84 81,71 23,89 32,88 4,82 27,27 89,5 32,25 53,78 67,4 92,51 68,38 76,6 24,100 42,14 60,36 15,78 93,19 38,12 42,8 48,29 52,48 52,65 87,63 27,63 43,57 95,38 76,72 51,94 55,97 78,31 98,79 75,84 51,9 25,1 26,7 68,65 99,83 71,20 42,50 18,87 32,12 69,29 43,1 45,26 70,7 41,39 97,82 3,71 76,46 47,48 93,57 24,70 51,64 100,17 59,52 62,25 1,68 13,28 29,69 39,40 23,19 19,23 18,39 68,64 38,41 10,10 12,68 54,41 80,1 25,3 96,39 36,22 38,93 42,25 43,93 61,66 89,29 16,21 56,55 74,53 19,69 17,19 61,58 98,7 71,29 80,77 61,46 1,49 44,82 18,3 36,67 51,53 27,23 31,37 9,57 3,26 53,79 
96,77 13,0 53,16 53,28 27,83 83,49 34,47 80,86 80,17 75,14 82,66 54,23 82,88 92,93 52,77 18,21 100,51 1,49 53,19 25,67 71,89 73,54 1,43 93,47 27,17 5,47 23,99 9,62 19,88 55,65 42,78 31,95 18,43 72,1 50,36 96,75 29,94 81,54 94,19 67,52 58,32 48,85 58,77 93,74 0,40 25,25 84,78 6,47 31,39 54,63 24,40 36,18 63,34 49,68 81,6 71,42 61,78 42,57 74,96 19,35 78,79 35,29 65,100 19,44 47,70 93,38 91,16 90,71 99,18 51,92 42,4 6,22 93,54 80,58 37,25 38,17 78,5 0,36 1,67 23,37 81,48 24,43 13,85 25,40 20,48 98,57 91,94 93,80 100,17 91,100 69,54 7,62 80,22 91,25 37,71 83,37 38,0 41,92 26,84 91,71 
12,23 64,90 50,55 32,13 87,70 10,55 21,83 44,40 94,90 16,45 32,95 76,84 47,12 71,59 69,90 11,79 53,11 60,30 49,39 1,36 44,37 39,97 45,41 42,57 48,88 52,98 91,50 10,54 19,8 72,92 11,59 11,72 13,3 14,25 97,78 89,6 31,42 23,70 5,83 61,46 37,58 14,84 55,9 95,21 1,33 61,32 94,22 21,66 90,85 45,37 97,75 75,10 59,58 27,46 94,45 15,17 2,72 45,26 77,49 98,24 51,42 69,60 13,42 83,14 67,11 33,41 72,23 19,94 99,93 79,14 82,64 97,82 23,19 98,10 33,22 87,98 58,76 93,81 71,56 18,88 51,66 89,37 80,43 62,75 83,41 45,13 93,46 48,47 43,29 26,92 28,94 73,31 80,3 41,59 33,96 7,20 87,27 18,98 4,5 46,97 
91,92 54,71 53,12 45,74 63,79 38,35 26,96 62,99 87,24 51,7 2,44 13,27 24,2 74,27 53,1 93,6 4,81 72,11 36,51 73,0 45,39 54,98 44,48 59,28 21,85 2,35 22,50 40,12 81,28 64,52 72,76 47,60 80,87 100,62 5,42 8,63 29,84 3,35 94,11 49,56 71,93 2,70 43,16 43,80 73,60 39,18 11,6 47,43 86,89 58,49 85,64 84,45 74,73 61,20 16,95 99,60 45,93 49,9 12,54 98,45 38,100 33,46 84,24 21,74 30,80 18,16 98,16 88,1 69,97 83,49 13,11 78,57 17,43 57,62 10,17 77,74 41,95 19,48 21,48 75,38 88,71 33,40 33,66 6,57 45,4 60,16 0,97 79,26 47,63 58,66 32,79 10,75 100,88 57,74 54,42 42,68 100,86 52,19 89,49 51,69 
8,36 93,62 17,19 76,43 65,88 93,68 40,21 100,61 16,57 1,29 26,58 95,5 25,30 50,73 37,8 66,16 99,76 53,17 65,73 54,22 69,77 59,28 85,78 11,41 6,32 41,10 28,58 98,0 13,26 67,77 76,68 93,65 32,62 78,12 73,82 61,2 31,4 98,31 30,61 31,95 19,49 92,26 12,19 11,25 98,85 23,74 61,80 10,31 82,63 81,38 83,55 100,35 69,68 31,72 75,5 91,62 59,2 8,51 75,16 79,45 10,68 75,12 45,88 34,22 0,100 84,78 80,22 51,85 9,34 52,30 9,63 36,40 96,87 81,53 83,85 86,99 41,52 6,58 7,86 95,69 67,21 58,85 11,68 11,6 2,5 79,18 48,19 15,36 100,91 59,12 76,61 26,71 41,83 90,13 49,83 2,72 75,23 1,2 18,58 25,26 
46,55 46,78 45,61 33,37 32,69 68,40 25,48 18,86 82,85 95,82 4,71 1,57 60,99 28,87 14,49 16,52 20,39 46,56 49,58 93,38 73,18 35,64 33,30 75,25 96,29 1,63 38,73 89,0 95,42 11,18 3,56 66,69 12,56 71,22 58,85 57,81 75,13 22,61 17,42 52,48 8,95 17,91 52,10 47,33 28,68 7,76 7,40 84,16 62,33 18,65 10,93 68,29 48,48 15,99 79,23 49,13 49,69 85,91 18,39 13,65 67,65 20,28 57,24 5,2 6,14 89,49 19,99 48,83 17,12 68,47 90,48 34,56 64,36 29,32 37,5 11,15 30,78 23,0 65,34 47,9 29,54 7,43 31,13 21,44 18,21 67,7 21,5 69,18 26,30 36,38 99,70 50,23 64,80 78,49 80,35 6,5 85,15 43,69 84,82 51,33 
75,30 0,26 6,86 36,96 76,16 33,35 88,62 7,77 6,38 5,39 90,17 63,61 8,32 100,18 87,67 3,43 4,20 84,48 99,57 40,2 60,38 52,7 15,32 98,61 15,3 53,12 91,8 89,21 19,38 90,11 70,5 29,8 89,76 83,7 16,3 61,5 98,60 88,75 63,61 98,36 23,85 58,19 76,71 48,54 76,12 10,10 2,48 17,30 74,75 60,64 72,39 35,78 14,25 94,24 99,64 29,64 68,47 23,16 11,68 18,4 10,1 7,2 16,27 58,43 57,36 61,14 35,96 49,59 73,50 68,37 53,57 56,67 38,2 91,34 53,71 76,48 65,6 47,42 65,96 14,44 32,14 37,50 47,10 6,17 68,15 6,40 84,52 47,92 96,8 46,89 33,32 34,29 31,12 46,97 67,96 21,39 80,4 27,76 96,16 98,61 
75,0 87,18 10,77 11,93 86,78 46,89 6,54 70,70 33,62 52,74 33,16 57,27 34,8 84,99 25,4 54,99 58,71 44,10 24,29 91,70 36,83 2,36 41,79 84,92 65,43 83,92 28,60 20,3 86,96 73,22 26,83 5,76 55,45 63,16 41,83 66,21 17,40 11,36 45,73 82,62 23,10 78,27 83,3 23,81 22,47 64,91 71,69 37,22 43,73 20,80 97,56 86,24 82,45 79,65 25,1 38,80 31,3 15,54 71,28 7,18 41,36 32,49 17,97 22,14 15,36 4,75 87,10 74,41 20,42 3,80 53,35 43,87 29,12 49,59 85,49 35,21 32,85 8,64 35,88 72,50 55,87 91,46 44,89 77,19 87,34 69,4 9,45 80,69 10,88 19,73 12,22 40,87 80,38 96,36 91,32 84,6 57,74 51,91 48,95 33,20 
71,5 13,16 7,36 41,19 80,92 83,74 72,16 68,8 83,93 64,58 14,22 82,43 21,93 0,53 44,71 13,68 66,83 67,1 82,49 3,91 83,84 4,99 24,42 20,49 85,16 89,9 46,19 96,8 8,67 17,18 9,72 81,17 19,70 43,22 8,95 76,77 17,87 88,49 40,68 70,53 69,97 70,21 60,89 9,70 35,25 25,67 100,37 76,6 78,19 85,6 66,87 16,67 48,92 32,32 57,62 64,0 66,55 88,46 45,84 1,61 85,18 94,91 44,91 50,4 91,53 68,5 64,96 39,56 59,63 86,100 32,26 11,23 22,72 27,43 29,15 100,56 37,46 87,47 87,40 47,57 47,7 29,87 96,86 79,66 32,63 57,6 62,80 30,19 28,12 1,52 93,93 76,62 6,35 39,63 97,40 40,92 16,15 99,32 30,30 77,43 
96,67 39,31 59,66 47,43 17,84 73,15 77,1 57,68 44,84 86,70 56,6 17,64 26,91 15,35 34,21 12,40 35,17 32,33 78,54 51,78 38,7 76,54 32,59 61,4 19,20 37,64 17,74 69,2 62,53 51,9 40,73 15,58 56,35 74,86 41,33 76,59 75,4 91,31 19,55 84,72 85,99 59,99 81,37 8,34 76,24 42,0 53,38 96,100 9,57 44,17 13,6 5,93 4,22 99,24 12,2 39,19 56,64 68,30 68,71 9,100 19,61 54,18 7,64 58,69 11,63 25,92 78,4 42,14 57,7 80,2 88,84 91,20 100,51 15,96 73,73 84,22 33,31 60,89 75,29 25,94 8,9 10,50 30,21 28,46 36,18 12,46 53,16 93,18 43,5 77,21 38,4 90,57 39,81 22,1 97,82 59,5 53,7 3,10 56,85 27,12 
63,76 28,38 11,54 27,75 58,74 23,90 9,0 35,28 39,0 74,85 77,35 66,87 94,99 46,48 60,59 72,89 2,75 5,71 62,51 99,17 88,20 100,51 12,55 31,78 29,89 80,75 88,15 66,45 77,65 22,95 48,26 97,66 4,69 87,59 46,84 21,30 96,2 92,99 64,43 34,25 70,49 14,27 95,54 81,63 59,96 85,84 44,99 24,94 35,3 11,53 87,66 3,92 0,29 35,63 53,71 35,54 16,9 20,35 21,87 69,75 95,44 28,17 6,86 18,83 61,46 91,41 0,25 42,52 45,76 11,29 20,16 100,72 54,9 6,75 26,52 58,84 19,6 9,93 86,12 34,51 14,7 67,91 21,20 25,54 67,46 57,48 19,76 76,70 83,10 53,87 34,50 44,48 43,45 53,53 40,92 5,69 53,78 84,39 9,46 71,81 
48,82 5,28 91,69 46,65 70,33 43,99 44,49 0,86 51,21 24,34 65,93 25,94 45,90 44,71 63,11 64,11 63,99 23,24 82,71 100,10 47,10 33,89 92,81 70,97 63,82 99,14 86,99 22,52 93,30 40,54 22,37 25,11 36,30 4,93 11,83 14,7 10,44 2,48 65,51 68,89 54,5 9,25 25,14 6,81 79,8 35,49 77,26 35,82 9,20 49,67 85,28 13,11 14,92 59,74 58,98 31,59 38,45 84,13 61,56 7,87 74,52 68,46 66,22 48,64 45,74 54,41 4,79 1,1 64,37 45,77 34,88 20,65 42,100 76,63 74,33 98,22 24,80 25,74 37,2 94,11 24,40 17,72 32,70 78,93 49,8 34,95 72,32 56,75 85,23 93,62 43,44 89,49 14,64 71,46 26,30 29,33 82,68 31,56 33,76 52,21 
82,40 66,88 34,22 92,62 75,21 85,11 90,27 57,23 53,64 76,35 30,44 83,57 55,56 85,48 29,61 18,35 7,58 6,15 28,24 48,83 67,67 60,63 54,12 16,14 39,61 97,47 98,77 69,82 1,63 8,83 84,99 82,2 23,19 95,57 96,60 93,36 45,23 81,87 39,17 45,3 86,81 33,63 5,59 12,35 46,6 86,95 31,88 87,17 93,32 14,95 98,71 90,49 22,72 100,58 90,29 74,34 44,0 48,76 34,7 74,59 21,43 18,7 95,17 28,48 88,54 49,34 82,69 64,87 93,88 29,91 83,92 54,39 36,96 42,36 59,44 44,83 45,21 22,19 62,6 1,55 9,16 65,77 9,75 66,38 48,64 33,95 38,11 48,98 39,83 6,39 65,9 68,47 65,99 43,42 12,12 21,76 52,88 83,2 79,95 33,14 
82,57 30,5 20,68 69,31 72,100 18,36 71,91 73,22 54,54 87,12 11,55 14,61 52,94 94,3 35,100 39,42 88,41 26,81 57,80 25,90 67,97 66,54 58,62 74,68 14,42 99,89 90,80 26,28 21,47 41,43 6,19 80,7 65,3 15,27 2,81 98,23 18,40 18,97 72,11 40,7 21,88 82,47 56,31 78,55 30,73 8,72 70,68 42,4 20,95 62,90 9,55 54,26 82,28 51,93 8,5 24,23 95,61 24,46 24,39 66,11 21,61 61,22 72,79 7,0 46,61 88,40 87,88 80,96 57,79 61,44 44,34 59,36 32,23 62,20 92,43 36,38 42,66 30,28 84,15 78,27 32,73 78,88 12,39 54,56 88,64 30,44 6,72 39,71 85,32 28,68 0,14 61,37 63,64 94,0 24,39 49,11 36,59 42,59 85,1 86,12 
38,83 82,96 15,62 20,96 14,7 2,36 26,50 13,90 55,94 22,93 33,57 56,41 50,5 50,10 65,58 34,56 9,15 39,34 38,5 17,67 25,17 0,89 62,89 43,87 94,97 30,90 86,58 44,85 100,21 70,29 7,76 12,10 74,100 70,83 95,95 70,85 27,77 2,47 28,68 43,26 17,77 85,23 53,47 87,73 69,9 80,26 35,20 55,43 41,89 36,96 62,61 90,25 18,49 94,84 32,12 15,96 52,64 40,26 48,62 93,54 76,33 62,26 52,83 57,96 42,14 59,54 85,83 47,97 79,8 77,41 74,10 70,38 85,68 60,34 17,1 37,38 82,85 94,18 87,15 58,11 25,25 59,54 6,5 37,28 86,86 77,91 9,84 28,18 37,29 41,30 20,68 16,1 31,27 16,29 62,42 6,72 61,13 0,89 61,53 67,13 
38,23 24,3 85,26 71,89 47,76 92,60 12,13 0,71 84,89 7,54 67,30 75,81 99,24 54,78 6,40 53,26 81,65 75,64 52,93 25,89 12,70 30,0 30,41 85,92 48,96 89,53 24,53 43,78 8,67 88,36 93,21 63,65 30,89 81,45 45,94 13,72 54,46 3,75 27,33 54,93 10,20 83,97 60,44 7,5 68,59 29,86 69,91 27,32 40,90 15,18 35,10 28,5 10,14 95,78 62,100 2,91 9,77 68,14 94,75 12,73 31,65 61,14 100,79 93,92 13,83 97,37 69,86 48,60 58,41 32,84 4,10 8,59 99,26 51,40 67,29 71,58 35,23 73,85 83,76 94,99 99,30 18,94 90,54 12,20 72,2 30,26 35,34 81,75 89,18 50,32 1,10 85,84 41,39 20,78 71,24 16,73 56,20 22,34 22,2 80,18 
25,9 17,13 88,13 18,72 93,29 68,43 49,67 57,13 35,11 26,9 53,53 39,17 3,38 30,55 20,20 69,84 89,17 77,5 33,29 7,17 32,74 25,23 39,79 19,24 43,77 43,82 50,5 33,87 1,31 20,81 50,13 47,80 64,44 34,68 22,84 25,58 45,89 61,38 47,31 39,52 89,21 17,62 28,85 60,37 48,23 5,72 45,100 3,94 21,71 93,92 77,33 89,16 43,72 72,96 45,91 76,63 21,95 38,85 40,10 27,30 48,31 98,11 53,89 96,35 60,71 69,6 10,25 82,54 47,40 85,41 66,86 3,9 58,26 78,66 40,66 54,98 83,59 93,30 26,2 27,46 87,20 97,67 55,6 65,100 93,81 15,9 50,43 72,82 11,43 29,5 50,38 64,8 52,10 57,83 86,41 95,46 68,52 52,2 52,36 67,99 
68,61 91,40 93,42 1,8 35,21 12,85 25,7 3,69 11,7 24,43 9,46 47,34 74,56 30,66 74,61 29,11 43,66 35,48 6,89 96,93 65,97 100,93 19,87 26,50 68,15 13,86 45,68 9,50 73,59 3,46 90,3 47,64 32,5 11,14 86,89 19,94 75,55 6,28 64,26 37,4 61,29 63,14 44,69 38,1 34,50 51,41 39,94 12,66 35,50 68,92 1,93 89,9 18,81 53,41 17,50 30,1 100,85 44,88 17,87 83,75 17,42 19,37 69,81 89,50 85,91 68,14 70,82 27,43 96,68 46,53 51,20 52,21 35,44 74,89 33,95 26,68 85,62 95,86 60,4 58,85 7,11 89,87 94,1 89,61 66,2 6,7 22,79 53,15 55,53 13,59 49,32 89,24 79,0 33,2 60,77 93,46 8,39 82,85 15,97 26,87 
68,96 94,32 79,23 21,14 100,82 84,35 18,35 82,45 91,75 64,88 21,68 57,83 34,82 16,54 35,61 70,31 64,59 1,7 65,43 47,43 38,95 34,9 83,23 18,21 35,13 31,11 25,71 60,84 43,50 63,5 13,99 2,0 46,15 16,52 51,78 80,42 32,41 57,48 1,16 11,7 21,27 34,27 41,10 36,57 12,54 17,64 42,78 19,78 28,29 94,52 13,3 91,87 65,75 0,72 74,96 85,92 85,26 44,38 91,37 96,3 85,68 26,2 15,9 32,52 80,72 59,50 19,97 74,46 42,50 32,59 41,29 38,32 94,92 81,97 83,64 29,78 95,16 67,48 63,14 100,72 38,80 9,63 76,44 97,40 95,90 47,71 11,83 16,33 89,71 91,26 84,14 17,23 45,15 5,48 27,87 89,33 9,37 79,63 61,18 100,43 
41,85 18,69 32,17 41,48 0,9 2,69 44,93 22,96 73,6 36,39 58,50 93,13 28,25 32,91 8,75 98,8 87,77 37,29 14,71 99,83 97,90 49,4 4,49 69,8 2,63 9,58 8,17 43,93 88,29 30,69 90,80 60,88 50,8 21,3 15,76 20,49 80,92 59,49 62,31 81,37 1,58 94,53 16,54 88,34 1,0 78,1 66,29 25,15 48,15 55,75 11,76 98,18 12,47 71,75 18,80 73,27 17,12 46,82 51,54 12,85 17,68 61,81 74,95 54,56 65,86 9,11 89,24 55,100 43,62 41,4 86,26 0,72 53,13 52,49 86,93 84,10 20,86 66,31 100,84 65,50 49,10 91,10 33,31 57,29 1,17 58,74 84,30 100,74 68,99 60,61 90,40 53,68 70,66 21,39 29,68 58,36 81,92 9,11 13,3 32,88 
32,70 35,55 5,87 53,97 94,92 6,22 37,28 94,43 58,18 25,18 56,30 13,96 88,51 95,64 72,0 72,51 64,85 82,100 42,93 5,30 67,75 23,46 61,18 64,39 44,83 53,4 84,56 17,65 2,77 73,93 39,8 42,20 76,49 78,33 95,12 41,2 11,100 68,68 52,13 18,92 9,2 99,57 46,93 52,68 50,48 26,96 28,29 8,22 71,54 74,28 84,95 8,22 95,82 97,0 94,19 8,87 75,65 4,65 50,55 73,80 87,82 46,16 5,86 6,20 27,67 71,78 85,1 36,26 25,18 2,63 85,24 8,63 71,47 15,20 50,7 12,89 44,41 9,79 79,24 95,92 54,33 75,66 73,14 13,18 1,33 72,3 14,7 33,87 77,53 42,70 61,74 21,63 99,53 27,69 47,85 84,0 50,24 48,61 45,12 87,64 
65,27 69,44 46,17 99,37 50,20 61,13 68,41 4,28 13,17 39,86 0,59 37,95 43,94 80,100 7,24 22,14 75,45 85,68 13,94 67,82 99,3 33,72 61,50 3,78 16,39 42,17 67,95 47,73 33,38 70,95 89,95 88,28 97,67 20,78 75,17 21,65 2,89 48,10 19,90 91,37 86,38 28,28 34,11 28,21 26,57 15,9 36,29 48,24 10,85 39,57 45,2 1,35 92,3 45,55 49,92 88,25 49,31 45,51 70,80 11,39 43,48 19,15 80,100 13,67 94,53 17,65 96,19 34,54 59,92 66,68 42,93 15,49 68,32 52,88 13,17 30,78 75,64 54,0 30,93 9,80 80,65 58,94 17,68 16,55 61,97 53,1 37,38 65,0 95,73 10,56 92,96 6,25 25,71 99,9 6,4 41,12 52,20 46,45 47,68 54,20 
